013810
013813
013846
013849
013856
013860
013864
013868
013879
013883
013887
013891
013894
013900
013904
013907
013913
013917
013921
013924
013928
013932
013935
013938
013941
013971
013972
013973
013974
013975
013976
013978
013979
013980
013981
013982
013983
013984
013985
013986
013987
013988
013989
013990
013991
013997
013998
013999
014000
014001
014002
014003
014004
014007
014008
014009
014010
014011
014012
014014
014015
014016
014017
014018
014019
014020
014021
014022
014023
014024
014025
014026
014027
014028
014029
014030
014031
014032
014033
014034
014035
014036
014037
014038
014039
014040
014041
014042
014043
014044
014046
014047
014048
014050
014051
014052
014053
014054
014055
014056
014057
014058
014059
014060
014061
014062
014063
014064
014066
014067
014068
014069
014070
014071
014072
014073
014074
014076
014077
014078
014079
014080
014081
014082
014085
014094
014095
014097
014098
014099
014100
014102
014103
014104
014105
014106
014107
014108
014111
014112
014113
014119
014120
014121
014122
014123
014124
014125
014126
014127
014128
014129
014130
014132
014133
014136
014137
014138
014140
014142
014143
014147
014148
014149
014150
014151
014152
014153
014154
014155
014156
014157
014158
014160
014162
014163
014164
014165
014166
014167
014168
014169
014170
014171
014172
014173
014175
014176
014177
014178
014179
014180
014181
014182
014183
014184
014185
014186
014188
014189
014191
014192
014193
014194
014195
014196
014197
014198
014200
014202
014203
014204
014205
014206
014209
014210
014211
014212
014213
014214
014215
014216
014217
014219
014221
014222
014223
014224
014225
014226
014227
014228
014229
014230
014231
014233
014234
014235
014238
014239
014240
014241
014242
014243
014244
014245
014246
014247
014248
014249
014250
014251
014252
014253
014254
014255
014256
014257
014258
014260
014261
014262
014263
014265
014266
014267
014268
014269
014270
014271
014273
014276
014277
014278
014280
014282
014284
014285
014286
014287
014288
014289
014290
014291
014292
014293
014294
014295
014296
014297
014298
014299
014300
014301
014302
014303
014304
014305
014306
014313
014315
014316
014317
014318
014319
014320
014321
014328
014336
014339
014340
014342
014344
014349
014352
014357
014358
014365
014366
014368
014372
014375
014379
014380
014382
014385
014386
014387
014388
014392
014395
014402
014418
014419
014420
014421
014431
014433
014436
014437
014440
014441
014443
014446
014449
014450
014453
014456
014457
014458
014459
014461
014464
014465
014467
014470
014472
014474
014477
014479
014482
014485
014498
014499
014503
014507
014510
014512
014514
014519
014526
014534
014538
014542
014549
014551
014553
014557
014558
014560
014561
014562
014563
014567
014570
014575
014576
014577
014578
014579
014587
014592
014593
014603
014605
014606
014609
014610
014612
014613
014614
014615
014617
014619
014625
014627
014635
014636
014639
014640
014645
014649
014650
014653
014655
014656
014657
014662
014663
014664
014666
014667
014671
014672
014674
014675
014676
014679
014683
014686
014688
014690
014692
014693
014695
014696
014699
014705
014710
014711
014712
014713
014715
014718
014720
014722
014724
014726
014728
014729
014733
014734
014735
014738
014740
014742
014745
014747
014748
014749
014751
014755
014762
014768
014769
014770
014772
014774
014781
014782
014783
014788
014793
014809
014812
014814
014818
014822
014827
014864
014865
014866
014872
014873
014874
014880
014883
014884
014886
014887
014894
014896
014902
014910
014917
014919
014922
014925
014930
014931
014933
014936
014939
014943
014948
014951
014953
014954
014956
014958
014959
014961
014962
014964
014971
014972
014974
014978
014985
014986
014991
014994
014995
015002
015005
015011
015019
015020
015024
015026
015032
015036
015043
015049
015050
015051
015052
015053
015054
015056
015057
015059
015060
015062
015083
015085
015086
015094
015096
015099
015103
015105
015109
015110
015111
015117
015118
015119
015126
015133
015134
015135
015151
015152
015153
015159
015161
015165
015171
015182
015183
015184
015185
015186
015192
015195
015205
015206
015211
015219
015220
015224
015230
015232
015233
015237
015238
015239
015240
015246
015250
015257
015259
015262
015263
015275
015277
015282
015284
015306
015307
015309
015310
015314
015322
015324
015328
015330
015332
015336
015341
015355
015356
015358
015363
015364
015365
015367
015370
015376
015377
015380
015384
015388
015390
015393
015394
015397
015403
015409
015410
015412
015421
015432
015433
015436
015438
015439
015442
015448
015453
015454
015455
015459
015462
015464
015467
015468
015469
015477
015487
015488
015489
015490
015492
015493
015494
015500
015503
015509
015510
015513
015518
015523
015528
015536
015538
015540
015545
015548
015552
015561
015564
015572
015577
015578
015582
015583
015585
015586
015587
015595
015597
015599
015600
015601
015611
015624
015633
015639
015642
015672
015676
015680
015684
015686
015688
015689
015690
015692
015695
015697
015698
015706
015708
015713
015719
015721
015731
015734
015737
015739
015745
015749
015755
015757
015761
015762
015763
015764
015765
015770
015772
015776
015778
015780
015782
015783
015784
015786
015788
015794
015797
015800
015802
015832
015833
015834
015835
015847
015851
015852
015857
015866
015867
015868
015869
015873
015879
015884
015885
015898
015900
015901
015903
015907
015911
015915
015921
015925
015929
015935
015936
015947
015949
015953
015955
015957
015959
015962
015963
015968
015969
015970
015973
015977
015978
015983
015984
015986
015987
015988
015990
015995
015998
016001
016002
016013
016014
016020
016021
016024
016032
016034
016037
016039
016041
016067
016069
016076
016080
016081
016087
016098
016099
016115
016116
016117
016131
016139
016140
016146
016148
016150
016159
016168
016170
016171
016176
016179
016182
016183
016184
016192
016193
016201
016204
016208
016223
016231
016232
016243
016244
016254
016261
016263
016265
016269
016270
016276
016281
016282
016288
016289
016290
016293
016296
016297
016300
016302
016303
016308
016311
016314
016316
016327
016329
016332
016334
016353
016354
016359
016362
016364
016369
016379
016386
016388
016389
016390
016392
016395
016396
016397
016398
016399
016401
016403
016404
016405
016408
016409
016410
016413
016414
016415
016416
016417
016418
016419
016423
016424
016426
016427
016430
016434
016435
016436
016437
016438
016439
016440
016441
016442
016443
016445
016446
016451
016452
016453
016454
016455
016456
016457
016458
016459
016460
016461
016463
016464
016465
016466
016468
016469
016470
016471
016476
016477
016478
016479
016481
016483
016484
016486
016490
016493
016497
016498
016509
016515
016519
016525
016527
016530
016532
016536
016542
016545
016548
016549
016555
016557
016561
016564
016566
016567
016568
016570
016572
016585
016602
016603
016605
016606
016612
016628
016630
016635
016638
016643
016644
016645
016649
016651
016654
016671
016673
016680
016681
016687
016693
016710
016711
016716
016719
016722
016733
016739
016741
016748
016749
016760
016767
016768
016769
016772
016780
016781
016782
016788
016789
016790
016791
016798
016802
016804
016810
016815
016818
016819
016827
016830
016838
016841
016845
018311
018319
018326
018333
018336
018343
018346
018349
018357
018380
018381
018382
018384
018387
018391
018394
018396
018397
018398
018459
018524
018530
018537
018539
018548
018552
018555
018559
018560
018564
018576
018587
018588
018589
018590
018598
018610
018629
018635
018637
018639
018641
018643
018648
018676
018677
018678
018683
018684
018685
018687
018688
018689
018704
018708
018709
018710
018712
018715
018717
018718
018721
018724
018726
018739
018749
018761
018762
018766
018767
018776
018790
018795
018798
018803
018811
018813
018817
018821
018833
018834
018837
018838
018840
018847
018854
018871
018877
018879
018882
018893
018903
018909
018911
018920
018940
018951
018959
018960
018975
018984
018989
019014
019016
019018
019022
019024
019026
019034
019049
019051
019052
019053
019054
019056
019058
019062
019064
019066
019069
019074
019077
019085
019087
019099
019103
019114
019116
019119
019128
019133
019135
019137
019138
019139
019142
019143
019146
019149
019163
019164
019165
019166
019169
019170
019171
019176
019177
019181
019194
019195
019198
019204
019206
019220
019221
019224
019234
019245
019247
019248
019254
019263
019277
019286
019291
019293
019301
019314
019317
019321
019326
019345
019351
019352
019355
019356
019358
019363
019364
019368
019372
019375
019376
019387
019394
019397
019399
019400
019415
019418
019428
019432
019437
019439
019447
019449
019456
019463
019467
019477
019480
019482
019485
019486
019492
019494
019495
019502
019504
019510
019513
019519
019530
019533
019539
019544
019547
019548
019549
019550
019551
019555
019562
019566
019574
019575
019577
019582
019587
019593
019601
019616
019633
019644
019648
019650
019661
019665
019669
019672
019678
019682
019683
019687
019697
019701
019707
019711
019713
019716
019717
019722
019726
019727
019729
019730
019732
019736
019739
019743
019746
019753
019760
019761
019765
019766
019770
019773
019782
019783
019786
019789
019793
019800
019802
019807
019821
019822
019826
019846
019849
019850
019855
019856
019862
019865
019871
019888
019905
019907
019908
019916
019921
019923
019929
019932
019952
019957
019958
019959
019962
019967
019969
019977
019978
019984
019985
019986
019993
019998
020000
020005
020017
020024
020026
020032
020035
020038
020040
020045
020046
020047
020051
020062
020065
020069
020073
020074
020076
020082
020083
020087
020091
020096
020097
020099
020100
020107
020117
020120
020126
020129
020130
020137
020144
020147
020152
020154
020157
020159
020167
020172
020174
020178
020180
020181
020185
020186
020200
020202
020204
020212
020221
020222
020230
020233
020238
020240
020247
020253
020261
020265
020267
020272
020284
020285
020291
020309
020322
020325
020332
020333
020339
020343
020355
020357
020369
020373
020374
020376
020380
020383
020387
020388
020391
020393
020395
020396
020399
020405
020406
020410
020421
020426
020433
020437
020440
020443
020447
020449
020453
020462
020466
020470
020475
020476
020478
020481
020483
020490
020507
020510
020521
020522
020524
020525
020526
020529
020531
020532
020536
020541
020551
020559
020562
020566
020577
020579
020580
020586
020588
020589
020590
020593
020599
020602
020604
020610
020615
020620
020622
020629
020631
020643
020644
020652
020653
020660
020669
020672
020683
020685
020698
020704
020711
020713
020715
020717
020728
020734
020739
020752
020753
020757
020758
020760
020766
020769
020773
020777
020780
020787
020789
020800
020801
020803
020812
020814
020816
020817
020819
020823
020838
020839
020840
020849
020857
020866
020870
020872
020873
020874
020885
020890
020894
020907
020912
020914
020921
020937
020945
020950
020951
020952
020956
020958
020962
020963
020964
020965
020971
020972
020977
020978
020980
020982
020983
020995
020996
020999
021007
021010
021022
021034
021035
021051
021061
021065
021073
021076
021082
021090
021099
021102
021111
021112
021114
021119
021121
021123
021124
021126
021133
021143
021144
021145
021150
021152
021174
021180
021184
021185
021187
021192
021196
021205
021206
021208
021209
021212
021214
021217
021220
021221
021224
021233
021235
021236
021247
021252
021262
021266
021273
021276
021296
021299
021308
021309
021313
021316
021318
021322
021323
021333
021339
021342
021343
021350
021372
021373
021380
021381
021382
021384
021385
021386
021387
021398
021400
021403
021404
021405
021411
021413
021414
021426
021428
021432
021433
021436
021438
021441
021442
021451
021456
021475
021476
021480
021482
021487
021491
021492
021495
021507
021508
021519
021533
021538
021556
021560
021563
021576
021577
021581
021582
021596
021600
021602
021613
021616
021621
021627
021628
021631
021643
021645
021652
021656
021657
021664
021672
021674
021675
021679
021680
021691
021695
021698
021703
021707
021718
021720
021723
021727
021731
021737
021742
021745
021748
021750
021757
021758
021767
021768
021770
021772
021776
021782
021799
021800
021801
021802
021806
021808
021813
021814
021821
021839
021845
021849
021854
021859
021872
021874
021881
021890
021894
021897
021901
021905
021911
021912
021919
021923
021925
021933
021934
021935
021943
021948
021954
021958
021964
021978
021981
021984
021985
021986
021988
021989
021993
022001
022006
022007
022009
022015
022024
022027
022037
022044
022048
022051
022054
022063
022070
022074
022075
022076
022083
022085
022099
022105
022108
022115
022121
022126
022133
022135
022136
022143
022145
022146
022147
022151
022152
022154
022160
022161
022162
022166
022167
022183
022185
022186
022197
022200
022207
022209
022210
022215
022220
022222
022224
022230
022232
022235
022236
022237
022238
022243
022245
022249
022252
022253
022256
022259
022263
022269
022274
022275
022276
022277
022283
022288
022293
022296
022304
022306
022311
022312
022326
022330
022343
022352
022353
022355
022363
022373
022377
022378
022391
022392
022393
022408
022427
022429
022450
022451
022454
022455
022459
056781
056973
056998
057018
057605
057608
057611
057639
057641
057648
057664
057687
057704
057713
057738
057846
057854
057857
057880
057885
057915
057960
057987
058001
058012
058016
058028
058049
058058
058070
058080
058109
058125
058130
058136
058142
058193
058217
058235
058246
058259
058262
058265
058309
058312
058313
058333
058341
058344
058389
058399
058417
058459
058487
058528
058557
058613
058639
058655
058674
058715
058718
058735
058771
058789
058822
058853
058859
058874
058878
058897
058903
058981
058997
059041
059045
059046
059057
059062
059065
059127
059167
059171
059174
059193
059207
059218
059250
059330
059391
059406
059436
059445
059452
059475
059489
059493
059514
059524
059530
059578
059585
059594
059596
059597
059600
059607
059611
059615
059634
059640
059645
059661
059672
059681
059682
059756
059772
059819
059825
059842
059853
059866
059873
059914
059927
059961
059981
059997
060007
060016
060023
060029
060064
060082
060097
060100
060105
060113
060137
060154
060174
060188
060197
060232
060252
060318
060322
060330
060350
060366
060377
060391
060401
060406
060413
060425
060427
060448
060486
060489
060491
060494
060498
060502
060511
060514
060517
060519
060524
060553
060565
060592
060617
060628
060638
060660
060665
060670
060688
060708
060713
060715
060722
060727
060735
060754
060756
060781
060787
060792
060815
060837
060844
060866
060878
060883
060907
060931
060953
061010
061026
061033
061042
061064
061071
061086
061090
061106
061114
061194
061197
061209
061215
061232
061264
061272
061277
061299
061320
061330
061340
061344
061362
061370
061437
061450
061467
061494
061535
061550
061564
061571
061601
061621
061622
061656
061676
061706
061726
061741
061776
061849
061856
061862
061872
061875
061891
061894
061915
061946
062037
062041
062066
062097
062112
062117
062143
062147
062156
062163
062184
062190
062199
062202
062223
062224
062233
062243
062249
062254
062263
062282
062300
062331
062339
062355
062384
062397
062441
062445
062453
062473
062478
062508
062530
062539
062559
062624
062633
062649
062655
062668
062683
062686
062689
062718
062722
062733
062737
062798
062807
062823
062926
062931
062969
062971
062996
063035
063075
063083
063088
063156
063216
063240
063296
063309
063312
063315
063319
063400
063420
063458
063466
063500
063508
063510
063532
063538
063555
063562
063599
063603
063615
063645
063650
063659
063733
063745
063757
063761
063767
063770
063774
063799
063813
063828
063851
063862
063873
063890
063904
063919
063960
063970
063977
064001
064004
064028
064046
064057
064093
064111
064129
064135
064138
064156
064159
064184
064188
064193
064194
064202
064204
064222
064228
064232
064240
064249
064257
064267
064290
064306
064315
064326
064347
064362
064385
064387
064426
064450
064459
064497
064522
064529
064536
064585
064589
064614
064616
064622
064631
064766
064770
064783
064794
064833
064861
064867
064979
064999
065000
065003
065033
065045
065054
065059
065063
065075
065093
065099
065101
065109
065117
065119
065132
065135
065137
065138
065168
065193
065211
065226
065228
065231
065283
065304
065310
065316
065323
065354
065362
065416
065429
065449
065456
065467
065473
065484
065492
065508
065542
065570
065575
065597
065637
065665
065716
065718
065725
065744
065748
065754
065790
065830
065836
065844
065849
065880
065908
065912
065913
065918
065932
065934
065938
065968
065974
065987
065996
066002
066052
066069
066073
066076
066079
066106
066114
066123
066153
066191
066228
066231
066244
066256
066270
066284
066323
066334
066341
066359
066364
066374
066395
066459
066468
066482
066527
066570
066644
066648
066660
066680
066703
066744
066771
066812
066836
066842
066846
066865
066913
066920
066925
066957
066965
066972
066990
066992
067005
067016
067046
067047
067060
067094
067099
067112
067126
067150
067155
067169
067205
067209
067238
067376
067411
067451
067486
067567
067623
067642
067680
067695
067727
067761
067781
067786
067826
067828
067832
067841
067871
067916
067929
067932
067942
067954
067963
067996
068031
068060
068062
068065
068072
068075
068077
068079
068089
068095
068102
068138
068143
068155
068162
068166
068169
068180
068183
068187
068190
068195
068203
068213
068219
068225
068226
068228
068240
068250
068262
068269
068272
068290
068295
068305
068309
068317
068330
068332
068334
068363
068368
068408
068429
068432
068436
068445
068448
068457
068466
068469
068480
068523
068528
068533
068544
068547
068559
068567
068574
068602
068609
068612
068616
068621
068624
068628
068685
068698
068727
068731
068756
068806
068812
068836
068839
068855
068864
068872
068881
068885
068905
068915
068924
068943
068954
068963
068986
068995
069019
069023
069026
069049
069054
069077
069084
069109
069115
069141
069144
069189
069214
069232
069253
069276
069293
069317
069349
069354
069386
069406
069412
069429
069430
069509
069576
069607
069611
069616
069626
069630
069668
069675
069707
069720
069725
069762
069770
069786
069804
069810
069812
069818
069833
069835
069837
069842
069848
069849
069852
069856
069860
069866
069869
069874
069879
069881
069884
069887
069890
069892
069893
069902
069911
069919
069929
069933
069935
069937
069939
069947
069951
069952
069960
069967
069970
069972
069976
069978
069980
069984
069989
069992
069996
070002
070005
070007
070010
070012
070017
070020
070026
070030
070033
070041
070044
070050
070054
070057
070061
070064
070067
070077
070080
070082
070086
070089
070102
070105
070110
070113
070119
070123
070127
070130
070139
070141
070145
070149
070151
070160
070175
070207
070225
070230
070253
070260
070264
070296
070300
070304
070330
070344
070348
070350
070359
070393
070404
070415
070417
070429
070441
070470
070472
070480
070503
070525
070533
070554
070660
070669
070671
070698
070710
070735
070737
070798
070808
070811
070824
070831
070847
070850
070862
070863
070870
070877
070883
070899
070968
070987
071021
071040
071055
071068
071075
071077
071084
071105
071106
071130
071133
071134
071139
071152
071170
071173
071198
071206
071226
071234
071240
071254
071308
071310
071345
071351
071375
071397
071407
071410
071427
071438
071456
071458
071500
071519
071552
071553
071556
071572
071590
071610
071617
071659
071680
071684
071725
071738
071743
071773
071777
071786
071793
071808
071814
071816
071819
071823
071830
071870
071896
071901
071913
072006
072057
072059
072064
072071
072089
072094
072108
072133
072141
072146
072154
072158
072160
072172
072175
072208
072214
072280
072296
072308
072343
072371
072375
072384
072389
072451
072459
072473
072482
072514
072543
072556
072577
072607
072613
072628
072642
072664
072696
072759
072775
072778
072789
072803
072813
072836
072845
072848
072879
072882
072887
072895
072906
072920
072936
072943
072946
072957
072969
072989
072999
073006
073024
073085
073118
073144
073151
073152
073176
073185
073188
073193
073213
073217
073228
073241
073247
073258
073264
073268
073278
073308
073323
073328
073339
073347
073357
073368
073373
073377
073411
073418
073421
073427
073461
073496
073526
073535
073548
073554
073600
073616
073687
073691
073694
073701
073722
073727
073770
073785
073788
073789
073805
073806
073813
073825
073834
073904
073917
073920
073948
073951
073955
073957
073966
073969
073979
073983
073987
074015
074043
074048
074051
074064
074072
074074
074093
074106
074120
074129
074136
074139
074162
074186
074203
074210
074241
074269
074297
074321
074324
074363
074375
074379
074390
074397
074406
074444
074452
074460
074464
074481
074486
074492
074503
074512
074525
074528
074544
074555
074561
074582
074593
074604
074608
074624
074635
074637
074667
074671
074672
074709
074800
074803
074808
074821
074832
074836
074848
074875
074880
074920
074950
074956
074981
075007
075018
075043
075048
075053
075089
075101
075107
075119
075132
075143
075160
075166
075175
075180
075186
075199
075239
075249
075257
075296
075313
075322
075336
075350
075385
075412
075485
075495
075530
075531
075549
075568
075573
075582
075613
075633
075653
075657
075674
075699
075731
075737
075740
075763
075766
075781
075790
075804
075812
075840
075853
075878
075879
075881
075910
075941
075945
075987
076073
076108
076119
076142
076144
076147
076163
076166
076174
076177
076200
076206
076226
076271
076282
076307
076309
076325
076349
076364
076366
076379
076382
076408
076427
076439
076440
076468
076499
076529
076537
076543
076633
076688
076703
076729
076736
076769
076794
076815
076820
076844
076856
076900
076919
076925
076974
076980
076987
076991
077000
077012
077057
077081
077090
077092
077108
077113
077122
077129
077137
077140
077162
077173
077177
077191
077196
077200
077203
077297
077306
077317
077323
077330
077364
077376
077388
077431
077462
077495
077500
077508
077510
077517
077522
077530
077537
077548
077582
077607
077648
077678
077695
077702
077754
077770
077773
077786
077803
077850
077852
077861
077865
077874
077877
077893
077909
077916
077922
077937
077955
077988
078001
078009
078021
078026
078032
078034
078036
078044
078049
078098
078114
078127
078133
078155
078221
078232
078240
078244
078246
078268
078270
078282
078294
078340
078346
078364
078371
078388
078413
078418
078441
078455
078484
078492
078494
078502
078505
078507
078512
078536
078549
078569
078578
078579
078599
078605
078632
078642
078643
078653
078656
078664
078678
078688
078695
078698
078701
078710
078749
078755
078768
078776
078857
078868
078873
078895
078903
078946
078976
078985
078995
079057
079099
079103
079110
079114
079146
079171
079178
079187
079191
079199
079209
079258
079261
079285
079298
079315
079335
079345
079349
079375
079380
079395
079402
079405
079428
079444
079455
079465
079483
079495
079500
079515
079519
079530
079546
079573
079578
079589
079603
079611
079626
079654
079669
079677
079680
079693
079704
079723
079727
079731
079755
079771
079772
079794
079804
079814
079824
079840
079897
079927
079992
080006
080030
080042
080083
080090
080093
080097
080107
080122
080124
080140
080153
080164
080183
080190
080203
080210
080214
080256
080257
080270
080290
080326
080336
080345
080349
080350
080364
080376
080397
080400
080402
080408
080415
080420
080467
080472
080479
080481
080490
080495
080499
080508
080519
080534
080552
080561
080568
080578
080581
080589
080599
080613
080628
080631
080686
080719
080732
080740
080755
080789
080823
080839
080843
080851
080860
080871
080890
080898
080909
080921
080934
080942
080953
080966
080987
080994
080998
081019
081052
081065
081081
081083
081103
081123
081133
081153
081165
081170
081191
081213
081216
081219
081230
081251
081261
081268
081276
081325
081326
081336
081363
081372
081374
081408
081426
081441
081446
081447
081459
081468
081473
081487
081495
081524
081541
081644
081646
081649
081654
081694
081700
081721
081740
081757
081763
081764
081822
081840
081843
081854
081857
081861
081884
081892
081896
081904
081914
081928
081934
081957
081967
081972
081978
081984
081991
081994
082003
082018
082019
082028
082039
082045
082050
082071
082094
082114
082116
082121
082128
082134
082138
082141
082173
082178
082221
082223
082228
082264
082270
082288
082306
082308
082330
082332
082358
082371
082399
082408
082424
082428
082432
082437
082455
082459
082461
082469
082483
082491
082515
082522
082549
082560
082573
082615
082622
082626
082635
082663
082678
082682
082687
082705
082718
082855
082865
082872
082875
082878
082886
082904
082907
082911
082922
082936
082964
082970
082976
082998
083022
083050
083054
083060
083071
083077
083084
083088
083099
083104
083107
083118
083136
083157
083171
083181
083188
083218
083248
083274
083293
083306
083317
083328
083329
083356
083374
083378
083403
083407
083429
083436
083447
083459
083484
083495
083497
083504
083506
083520
083529
083539
083544
083548
083561
083579
083587
083593
083620
083625
083628
083640
083663
083668
083674
083757
083765
083770
083788
083792
083819
083844
083857
083880
083882
083896
083912
083928
083933
083963
083972
083989
084001
084019
084030
084040
084043
084071
084082
084089
084113
084119
084130
084186
084191
084192
084198
084218
084241
084246
084254
084269
084304
084306
084352
084353
084376
084392
084449
084458
084495
084501
084519
084547
084551
084580
084642
084674
084693
084728
084751
084757
084764
084771
084793
084802
084827
084849
084856
084866
084887
084890
084892
084912
084919
084922
084947
084966
084976
085001
085005
085017
085044
085047
085059
085067
085088
085111
085136
085142
085144
085150
085155
085163
085181
085184
085186
085216
085228
085238
085254
085294
085303
085307
085308
085313
085328
085334
085338
085346
085347
085356
085364
085369
085380
085385
085388
085399
085405
085407
085412
085416
085429
085433
085435
085441
085462
085470
085473
085494
085502
085563
085568
085570
085583
085585
085589
085601
085617
085619
085621
085642
085643
085649
085654
085658
085673
085681
085689
085692
085695
085697
085704
085708
085711
085714
085717
085720
085724
085736
085744
085748
085752
085758
085761
085764
085766
085777
085782
085783
085787
085792
085799
085802
085818
085829
085835
085840
085842
085844
085854
085862
085864
085874
085880
085883
085896
085906
085918
085922
085967
085971
085987
086020
086028
086032
086037
086050
086052
086068
086070
086072
086083
086109
086125
086162
086169
086172
086190
086197
086205
086216
086225
086230
086235
086245
086250
086265
086266
086269
086295
086321
086324
086336
086340
086353
086371
086382
086398
086423
086439
086449
086451
086457
086461
086486
086496
086503
086543
086554
086569
086591
086592
086611
086615
086631
086636
086643
086647
086649
086675
086688
086714
086716
086739
086754
086791
086812
086827
086837
086888
086893
086898
086911
086918
086950
086953
086980
087014
087028
087032
087037
087044
087057
087073
087079
087082
087096
087101
087129
087134
087149
087152
087167
087196
087199
087211
087214
087236
087262
087269
087277
087303
087307
087349
087356
087359
087363
087366
087379
087381
087384
087412
087452
087458
087470
087472
087484
087498
087506
087518
087540
087578
087579
087592
087599
087607
087612
087634
087645
087657
087663
087666
087676
087689
087708
087727
087737
087762
087773
087775
087779
087785
087792
087794
087796
087816
087839
087842
087843
087847
087861
087867
087885
087894
087912
087918
087925
087931
087935
087947
087976
087996
088005
088010
088012
088030
088033
088048
088052
088060
088062
088067
088069
088092
088106
088117
088119
088123
088127
088133
088184
088208
088218
088239
088243
088261
088283
088286
088304
088335
088341
088346
088367
088373
088404
088412
088419
088427
088449
088474
088482
088493
088502
088516
088534
088545
088549
088569
088573
088582
088591
088597
088612
088623
088637
088641
088648
088719
088725
088728
088740
088753
088760
088761
088785
088794
088795
088798
088800
088808
088811
088817
088828
088835
088840
088847
088850
088852
088855
088857
088859
088906
088907
088910
088927
088934
088935
088938
088940
088951
088969
088970
088975
088982
088984
088987
088991
088998
088999
089002
089035
089039
089046
089048
089053
089057
089069
089071
089076
089082
089084
089086
089101
089105
089119
089122
089125
089130
089138
089149
089173
089219
089234
089244
089254
089260
089271
089286
089294
089298
089303
089310
089323
089343
089350
089357
089370
089379
089396
089407
089409
089414
089418
089422
089424
089426
089434
089437
089479
089495
089500
089524
089577
089582
089584
089597
089600
089605
089616
089637
089642
089646
089647
089650
089655
089660
089673
089675
089690
089709
089711
089715
089721
089791
089799
089810
089816
089842
089844
089873
089879
089893
089925
089930
089940
089954
089960
089964
089968
089970
089977
089986
089989
089992
090014
090023
090027
090038
090044
090046
090049
090069
090087
090089
090090
090097
090100
090124
090127
090136
090143
090154
090159
090165
090177
090194
090201
090217
090224
090241
090247
090252
090264
090268
090275
090282
090286
090323
090325
090330
090334
090344
090348
090351
090367
090380
090382
090390
090394
090401
090403
090404
090418
090425
090434
090437
090449
090461
090486
090487
090489
090511
090530
090540
090546
090548
090552
090557
090559
090570
090572
090576
090607
090613
090647
090660
090683
090705
090730
090745
090785
090791
090798
090819
090821
090826
090847
090848
090851
090854
090870
090873
090898
090908
090918
090925
090931
090935
090971
090974
090996
091004
091007
091026
091043
091045
091049
091055
091057
091063
091066
091079
091089
091092
091108
091136
091146
091166
091167
091176
091182
091186
091193
091195
091204
091207
091216
091223
091228
091231
091240
091245
091278
091306
091310
091315
091323
091327
091337
091338
091346
091353
091396
091399
091404
091424
091438
091511
091533
091540
091545
091554
091571
091587
091589
091642
091648
091665
091672
091694
091715
091724
091732
091737
091755
091789
091795
091810
091831
091834
091837
091838
091853
091859
091871
091874
091877
091887
091905
091909
091920
091922
091928
091934
091941
091942
091953
091960
091980
091992
091998
092011
092035
092047
092052
092062
092075
092092
092097
092102
092104
092109
092114
092136
092148
092152
092159
092165
092172
092174
092180
092192
092197
092206
092211
092213
092226
092228
092242
092249
092259
092270
092275
092282
092288
092292
092314
092320
092322
092327
092333
092335
092350
092361
092368
092372
092384
092393
092395
092400
092409
092432
092434
092438
092440
092449
092454
092464
092469
092475
092500
092507
092519
092523
092526
092529
092533
092546
092570
092575
092578
092592
092596
092604
092610
092634
092641
092647
092648
092664
092667
092670
092674
092685
092695
092731
092739
092747
092765
092772
092778
092781
092800
092809
092818
092835
092845
092850
092869
092872
092881
092898
092902
092908
092913
092918
092936
092941
092951
092963
092968
092991
092999
093008
093020
093027
093033
093043
093052
093097
093102
093107
093119
093122
093130
093142
093157
093159
093192
093203
093214
093217
093225
093243
093258
093278
093296
093300
093316
093324
093330
093359
093384
093393
093402
093404
093406
093423
093425
093433
093445
093449
093482
093497
093506
093528
093545
093568
093579
093583
093593
093606
093610
093620
093639
093643
093653
093714
093729
093733
093763
093766
093789
093805
093836
093842
093854
093866
093876
093883
093885
093916
093918
093926
093931
093933
093943
093945
093972
093980
093991
094018
094021
094022
094056
094083
094088
094095
094099
094112
094113
094127
094143
094171
094188
094190
094202
094212
094214
094222
094226
094227
094234
094238
094265
094267
094270
094286
094287
094298
094310
094319
094322
094325
094330
094333
094337
094346
094357
094360
094361
094371
094374
094385
094410
094459
094467
094471
094476
094479
094488
094491
094496
094498
094523
094526
094530
094550
094558
094561
094568
094581
094613
094638
094645
094651
094652
094687
094690
094705
094721
094729
094731
094748
094751
094760
094761
094768
094770
094781
094783
094818
094828
094830
094838
094847
094851
094855
094864
094870
094878
094884
094904
094942
094958
094965
094977
094981
095012
095019
095021
095028
095034
095043
095062
095064
095072
095090
095119
095121
095126
095130
095136
095151
095183
095187
095193
095198
095210
095219
095228
095233
095263
095264
095273
095332
095335
095338
095340
095349
095352
095360
095367
095371
095378
095379
095390
095392
095409
095426
095428
095442
095446
095457
095474
095479
095481
095487
095495
095499
095515
095533
095543
095546
095551
095557
095566
095583
095620
095630
095634
095637
095650
095655
095662
095673
095675
095688
095691
095705
095717
095731
095732
095733
095758
095764
095767
095771
095782
095788
095793
095796
095801
095807
095810
095813
095831
095833
095857
095872
095903
095926
095945
095951
095953
095999
096013
096022
096034
096037
096042
096045
096065
096094
096109
096123
096125
096127
096130
096131
096133
096137
096143
096162
096193
096196
096202
096208
096215
096219
096232
096259
096272
096283
096297
096307
096314
096321
096328
096332
096337
096370
096397
096398
096405
096417
096424
096425
096427
096432
096444
096455
096459
096469
096472
096479
096481
096482
096513
096519
096522
096528
096531
096541
096543
096548
096567
096573
096601
096606
096614
096619
096636
096642
096657
096670
096677
096686
096699
096711
096713
096725
096730
096740
096745
096753
096791
096794
096807
096811
096826
096839
096842
096846
096888
096905
096914
096917
096924
096928
096937
096939
096941
096954
096973
096981
097016
097141
097189
097191
097194
097199
097203
097206
097213
097230
097239
097291
097300
097309
097316
097350
097355
097360
097381
097408
097409
097425
097430
097440
097447
097449
097456
097473
097485
097494
097498
097500
097505
097516
097541
097546
097550
097555
097580
097589
097596
097598
097613
097618
097621
097649
097663
097668
097691
097700
097707
097711
097715
097718
097721
097733
097746
097750
097760
097769
097776
097811
097814
097817
097827
097837
097839
097857
097863
097884
097891
097894
097906
097931
097936
097957
097962
097966
097980
097992
098012
098016
098019
098020
098028
098050
098056
098072
098094
098103
098110
098122
098126
098132
098135
098138
098145
098150
098156
098157
098167
098172
098213
098225
098231
098240
098250
098261
098265
098273
098301
098318
098323
098339
098346
098348
098359
098387
098391
098402
098418
098436
098438
098446
098447
098456
098461
098463
098468
098476
098481
098484
098487
098497
098513
098516
098537
098550
098553
098564
098568
098598
098608
098616
098620
098671
098681
098690
098698
098701
098707
098713
098716
098733
098738
098774
098777
098780
098781
098791
098793
098812
098816
098819
098828
098831
098845
098846
098856
098864
098874
098879
098886
098895
098898
098903
098910
098921
098939
098944
098957
098970
098973
098982
099006
099015
099036
099044
099064
099070
099109
099125
099127
099133
099147
099171
099179
099191
099195
099222
099233
099236
099258
099262
099269
099279
099295
099297
099301
099306
099334
099346
099355
099359
099363
099364
099375
099378
099399
099406
099408
099413
099424
099433
099438
099443
099448
099455
099459
099463
099466
099479
099482
099485
099520
099526
099527
099536
099550
099553
099557
099562
099567
099569
099573
099581
099584
099594
099617
099620
099623
099639
099649
099654
099660
099675
099681
099685
099695
099699
099704
099708
099715
099736
099739
099750
099753
099759
099769
099771
099774
099786
099791
099795
099798
099802
099805
099815
099822
099848
099852
099881
099892
099904
099906
099910
099913
099917
099918
099925
099931
099934
099943
099957
099964
099968
099972
099974
099985
099986
099989
100001
100007
100010
100015
100019
100021
100027
100029
100034
100036
100037
100041
100044
100061
100063
100068
100071
100079
100086
100090
100096
100124
100134
100137
100142
100145
100148
100163
100168
100177
100195
100199
100204
100212
100213
100218
100222
100235
100244
100247
100272
100283
100289
100293
100306
100309
100312
100313
100318
100323
100337
100347
100356
100365
100368
100371
100378
100382
100395
100417
100451
100457
100468
100476
100480
100489
100494
100496
100509
100525
100533
100537
100540
100553
100556
100562
100565
100574
100580
100604
100611
100621
100646
100664
100669
100678
100679
100683
100699
100706
100726
100743
100748
100756
100759
100779
100787
100801
100809
100814
100819
100821
100823
100824
100848
100851
100854
100860
100915
100923
100938
100947
100950
100965
100967
100978
100984
101026
101029
101036
101038
101047
101050
101055
101066
101100
101130
101145
101163
101199
101204
101209
101225
101229
101238
101242
101245
101284
101317
101340
101368
101373
101386
101393
101408
101417
101419
101427
101447
101458
101516
101521
101526
101552
101554
101557
101568
101582
101603
101621
101650
101664
101678
101682
101684
101690
101699
101711
101726
101736
101747
101762
101768
101774
101794
101804
101813
101847
101851
101859
101866
101899
101913
101920
101923
101933
101948
101953
101956
101963
101969
101975
101982
102009
102016
102023
102027
102033
102059
102065
102073
102078
102080
102086
102101
102130
102142
102146
102158
102165
102172
102177
102181
102211
102221
102242
102256
102263
102286
102314
102317
102318
102361
102371
102381
102396
102450
102460
102480
102482
102485
102491
102503
102506
102511
102519
102545
102573
102574
102579
102583
102607
102627
102648
102655
102703
102759
102771
102785
102804
102807
102812
102833
102852
102855
102873
102928
102937
102982
102987
103008
103021
103031
103049
103051
103071
103079
103120
103132
103135
103138
103152
103158
103168
103178
103222
103231
103243
103256
103263
103276
103321
103331
103333
103334
103346
103349
103353
103366
103371
103380
103385
103400
103406
103412
103423
103427
103434
103436
103472
103481
103497
103500
103507
103522
103525
103533
103568
103574
103582
103586
103600
103611
103612
103623
103633
103637
103647
103651
103658
103666
103673
103687
103699
103703
103729
103751
103756
103757
103783
103817
103823
103834
103839
103866
103885
103889
103895
103905
103913
103940
103950
103954
103970
103976
103980
104005
104010
104020
104030
104043
104053
104058
104064
104072
104078
104099
104105
104109
104118
104122
104123
104129
104130
104132
104147
104152
104158
104166
104174
104195
104222
104243
104245
104251
104256
104260
104266
104275
104279
104285
104303
104317
104344
104351
104354
104370
104380
104403
104410
104414
104415
104427
104433
104440
104448
104449
104464
104471
104480
104491
104495
104504
104523
104534
104540
104548
104562
104565
104579
104586
104596
104597
104602
104607
104612
104616
104630
104654
104666
104698
104704
104705
104711
104715
104757
104765
104782
104786
104789
104796
104800
104803
104821
104824
104836
104841
104843
104850
104867
104901
104910
104917
104919
104920
104926
104946
104951
104955
104969
104977
104987
104988
104994
105003
105020
105030
105047
105060
105063
105090
105094
105100
105115
105121
105127
105132
105142
105148
105171
105172
105176
105191
105197
105201
105211
105214
105218
105226
105239
105243
105264
105275
105289
105308
105318
105333
105336
105353
105358
105367
105379
105381
105384
105394
105461
105469
105474
105503
105530
105534
105537
105544
105576
105590
105601
105626
105634
105638
105640
105644
105656
105666
105676
105686
105691
105701
105712
105715
105722
105740
105799
105816
105825
105828
105830
105852
105853
105861
105866
105873
105876
105885
105887
105904
105910
105919
105925
105936
105943
105945
105948
105953
105955
105959
105968
105972
105977
105984
105990
105995
106005
106029
106034
106058
106063
106088
106094
106098
106116
106120
106124
106133
106147
106153
106158
106162
106164
106189
106204
106218
106221
106224
106228
106260
106264
106268
106271
106292
106304
106310
106319
114536
114540
114546
114556
114561
114569
114575
114587
114597
114610
114614
114620
114631
114645
114703
114719
114728
114733
114763
114770
114777
114778
114808
114809
114816
114820
114849
114864
114882
114888
114900
114913
114920
114929
114941
114949
114961
114970
114979
114983
114986
114990
115000
115007
115013
115036
115064
115067
115083
115090
115103
115115
115130
115143
115146
115158
115160
115165
115167
115181
115196
115200
115225
115226
115252
115255
115267
115268
115308
115317
115335
115365
115383
115387
115396
115404
115433
115445
115454
115477
115483
115486
115518
115541
115572
115574
115587
115590
115592
115597
115604
115630
115635
115661
115669
115679
115695
115698
115728
115741
115744
115748
115806
115816
115824
115836
115857
115860
115867
115872
115878
115898
115903
115909
115918
115944
115947
115953
115956
115963
115968
115993
116014
116021
116041
116064
116090
116098
116101
116112
116122
116129
116131
116134
116137
116140
116149
116163
116165
116188
116191
116194
116197
116204
116220
116227
116261
116299
116306
116316
116331
116335
116337
116342
116373
116377
116379
116386
116399
116400
116412
116451
116453
116476
116478
116497
116507
116512
116526
116531
116551
116556
116560
116598
116624
116630
116638
116645
116666
116674
116677
116680
116683
116685
116690
116695
116705
116710
116714
116719
116737
116752
116754
116779
116785
116788
116789
116797
116803
116807
116823
116830
116843
116846
116855
116862
116867
116875
116882
116884
116893
116898
116912
116941
116951
116954
116966
116967
116973
116982
117012
117015
117023
117033
117038
117049
117081
117089
117125
117129
117140
117144
117147
117157
117200
117209
117219
117222
117224
117228
117244
117249
117253
117256
117262
117270
117280
117302
117304
117330
117346
117351
117354
117364
117366
117375
117377
117381
117401
117425
117436
117450
117457
117462
117470
117472
117473
117476
117482
117492
117514
117519
117523
117526
117530
117534
117537
117543
117547
117565
117570
117578
117582
117585
117603
117607
117614
117623
117627
117631
117635
117642
117647
117656
117659
117666
117678
117687
117692
117708
117712
117715
117722
117739
117743
117762
117764
117773
117790
117791
117807
117821
117828
117844
117875
117879
117885
117893
117901
117909
117912
117934
117939
117946
117957
117966
117976
117984
117986
118010
118053
118066
118093
118096
118110
118120
118124
118127
118128
118139
118144
118146
118152
118160
118166
118171
118174
118182
118184
118200
118207
118227
118232
118237
118240
118273
118277
118283
118305
118315
118330
118348
118353
118358
118362
118379
118382
118398
118409
118416
118419
118422
118437
118449
118486
118498
118506
118509
118528
118537
118540
118560
118567
118569
118572
118578
118583
118588
118593
118597
118606
118608
118614
118643
118695
118707
118715
118735
118757
118775
118793
118796
118805
118808
118814
118817
118825
118828
118836
118839
118843
118852
118865
118879
118886
118892
118896
118910
118926
118930
118947
118958
118963
118966
118971
119002
119003
119008
119021
119029
119040
119043
119055
119060
119069
119073
119082
119097
119099
119106
119123
119127
119129
119149
119158
119172
119176
119193
119223
119229
119254
119257
119259
119262
119276
119291
119302
119316
119328
119333
119335
119341
119353
119356
119367
119375
119385
119393
119412
119419
119423
119427
119459
119465
119476
119481
119491
119496
119518
119540
119542
119550
119558
119568
119574
119586
119601
119610
119614
119622
119635
119640
119642
119644
119658
119665
119669
119677
119679
119683
119688
119693
119697
119698
119706
119712
119728
119731
119736
119741
119748
119760
119776
119784
119793
119798
119801
119804
119808
119815
119871
119889
119890
119941
119952
119960
119966
119974
119978
119982
119983
119992
119995
120011
120016
120023
120032
120035
120046
120056
120070
120079
120082
120086
120089
120095
120119
120140
120149
120162
120172
120193
120200
120229
120239
120256
120259
120265
120272
120285
120297
120303
120308
120313
120347
120357
120372
120395
120403
120421
120424
120432
120450
120461
120464
120493
120496
120498
120503
120506
120511
120516
120518
120521
120528
120531
120541
120558
120565
120572
120583
120596
120621
120628
120634
120637
120651
120665
120668
120682
120686
120689
120696
120700
120704
120707
120714
120728
120737
120741
120747
120750
120751
120758
120760
120771
120780
120785
120793
120798
120809
120823
120834
120846
120852
120874
120876
120884
120891
120898
120904
120910
120922
120927
120932
120936
120954
120961
120965
120966
120969
120980
121001
121011
121022
121025
121027
121031
121035
121047
121050
121067
121075
121084
121091
121103
121111
121117
121144
121151
121166
121174
121190
121241
121244
121248
121265
121272
121280
121283
121297
121318
121326
121329
121356
121362
121369
121374
121377
121384
121389
121392
121396
121397
121412
121437
121439
121441
121477
121505
121507
121511
121531
121551
121555
121581
121583
121589
121598
121612
121615
121620
121651
121654
121659
121670
121675
121680
121688
121694
121701
121705
121708
121716
121738
121744
121762
121773
121782
121789
121794
121799
121803
121814
121821
121841
121845
121850
121868
121891
121903
121926
121931
121933
121957
121965
121968
121974
121977
121978
121987
122002
122049
122056
122059
122065
122068
122081
122088
122093
122096
122106
122136
122146
122150
122155
122163
122172
122200
122203
122207
122215
122220
122229
122246
122267
122288
122290
122294
122296
122306
122318
122338
122342
122369
122379
122385
122388
122391
122403
122413
122418
122430
122434
122444
122450
122471
122474
122477
122481
122485
122490
122491
122502
122506
122516
122527
122533
122546
122548
122549
122556
122578
122580
122595
122615
122642
122648
122652
122657
122673
122680
122689
122699
122716
122724
122731
122785
122800
122812
122819
122829
122835
122844
122846
122849
122871
122879
122897
122902
122909
122912
122923
122926
122927
122954
122955
122971
122992
123004
123009
123027
123041
123053
123065
123078
123090
123101
123106
123132
123151
123170
123193
123195
123204
123226
123244
123262
123266
123273
123281
123287
123298
123299
123309
123314
123320
123324
123330
123342
123347
123351
123354
123358
123368
123372
123400
123412
123418
123424
123432
123435
123442
123456
123461
123465
123473
123484
123487
123499
123524
123534
123542
123575
123576
123579
123584
123592
123598
123625
123641
123656
123676
123687
123705
123720
123727
123745
123748
123761
123767
123769
123771
123775
123789
123813
123819
123856
123860
123864
123877
123890
123918
123936
123941
123944
123951
123964
123989
123995
124010
124019
124026
124036
124043
124045
124058
124062
124071
124094
124102
124119
124128
124145
124196
124213
124217
124229
124244
124248
124253
124263
124277
124292
124298
124299
124307
124312
124320
124323
124327
124349
124352
124355
124357
124375
124386
124390
124394
124400
124407
124414
124419
124455
124463
124467
124472
124474
124495
124502
124513
124527
124547
124555
124561
124567
124574
124589
124594
124598
124620
124664
124669
124670
124681
124690
124741
124744
124782
124785
124796
124804
124809
124827
124832
124838
124845
124857
124862
124865
124879
124888
124892
124898
124906
124918
124929
124931
124960
125001
125018
125023
125029
125041
125044
125053
125073
125082
125092
125097
125121
125134
125139
125146
125149
125159
125168
125178
125197
125204
125207
125211
125212
125225
125226
125247
125252
125258
125262
125265
125273
125280
125288
125290
125296
125307
125309
125317
125327
125336
125344
125352
125361
125383
125392
125411
125418
125444
125446
125460
125463
125489
125497
125503
125509
125512
125517
125523
125531
125542
125547
125551
125559
125562
125565
125569
125577
125583
125594
125606
125616
125626
125630
125647
125652
125659
125672
125681
125690
125716
125719
125725
125728
125730
125735
125742
125744
125749
125755
125765
125772
125774
125775
125778
125798
125809
125836
125842
125855
125860
125869
125887
125896
125912
125913
125918
125938
125944
125947
125971
125976
125981
125983
126003
126008
126014
126027
126031
126035
126040
126044
126051
126053
126065
126068
126070
126083
126094
126124
126133
126140
126154
126172
126175
126178
126179
126202
126207
126226
126230
126237
126244
126258
126260
126265
126268
126275
126292
126295
126301
126307
126309
126321
126337
126346
126366
126373
126380
126383
126394
126405
126416
126431
126452
126457
126460
126478
126484
126492
126505
126513
126517
126531
126539
126546
126555
126573
126588
126603
126605
126607
126616
126619
126622
126626
126632
126651
126659
126670
126682
126685
126690
126696
126699
126702
126739
126743
126748
126754
126758
126762
126769
126781
126800
126813
126820
126828
126843
126855
126866
126882
126886
126910
126915
126919
126922
126926
126931
126936
126943
126946
126949
126954
126964
126970
126971
126979
126986
126992
126995
127001
127021
127025
127027
127043
127049
127052
127067
127079
127083
127089
127095
127098
127113
127117
127118
127132
127140
127141
127150
127161
127164
127167
127171
127175
127184
127188
127198
127205
127208
127239
127244
127260
127263
127266
127269
127272
127282
127289
127291
127298
127302
127312
127317
127320
127329
127333
127337
127348
127351
127356
127391
127399
127415
127427
127440
127461
127473
127475
127478
127481
127503
127508
127512
127515
127520
127524
127533
127537
127555
127557
127565
127571
127579
127584
127588
127593
127612
127636
127639
127654
127658
127675
127679
127694
127726
127739
127742
127747
127766
127769
127795
127799
127805
127809
127830
127831
127854
127859
127873
127892
127917
127921
127928
127931
127934
127937
127983
127989
128000
128026
128045
128057
128071
128086
128090
128138
128140
128146
128149
128158
128163
128175
128176
128196
128210
128233
128235
128239
128249
128251
128259
128273
128305
128316
128324
128349
128356
128362
128365
128371
128377
128383
128392
128400
128423
128443
128449
128450
128479
128481
128485
128489
128507
128527
128542
128545
128550
128557
128561
128572
128593
128596
128605
128615
128639
128646
128669
128671
128682
128690
128696
128699
128707
128722
128727
128733
128746
128755
128761
128790
128805
128818
128831
128836
128839
128850
128858
128879
128889
128903
128906
128920
128926
128927
128947
128951
128958
128976
128983
128984
136984
137003
137005
137019
137022
137035
137048
137059
137082
137108
137118
137124
137129
137163
137190
137212
137251
137260
137294
137302
137304
137311
137315
137316
137324
137346
137350
137375
137380
137387
137396
137399
137451
137458
137460
137483
137491
137494
137496
137506
137514
137522
137554
137571
137574
137596
137613
137615
137630
137685
137694
137699
137720
137723
137729
137731
137748
137757
137804
137820
137837
137843
137846
137872
137889
137912
137932
137937
137939
137945
137949
137961
137964
137971
137990
138000
138005
138010
138016
138030
138053
138070
138088
138108
138129
138139
138145
138164
138176
138194
138213
138247
138263
138265
138276
138309
138314
138324
138331
138354
138359
138367
138383
138388
138393
138398
138403
138406
138413
138421
138423
138435
138440
138449
138454
138474
138477
138483
138484
138493
138502
138503
138508
138531
138552
138557
138562
138575
138581
138586
138588
138595
138603
138610
138621
138640
138642
138663
138674
138685
138688
138693
138697
138704
138707
138716
138721
138726
138731
138736
138745
138749
138761
138769
138791
138795
138801
138807
138813
138822
138825
138830
138836
138838
138846
138860
138866
138870
138877
138888
138894
138899
138903
138910
138932
138939
138951
138959
138965
138986
138993
138996
139013
139032
139036
139046
139055
139062
139069
139072
139077
139081
139085
139090
139095
139110
139117
139120
139125
139129
139131
139142
139148
139152
139154
139175
139178
139179
139217
139222
139227
139228
139230
139235
139240
139253
139256
139272
139279
139283
139288
139293
139312
139328
139331
139333
139335
139338
139340
139369
139383
139405
139424
139429
139435
139454
139469
139472
139510
139532
139541
139546
139556
139559
139564
139567
139584
139593
139609
139623
139651
139665
139670
139698
139703
139716
139728
139732
139742
139755
139775
139785
139792
139800
139813
139820
139832
139836
139841
139844
139853
139859
139864
139868
139889
139894
139907
139911
139920
139926
139955
139972
139996
140002
140011
140014
140024
140040
140054
140057
140074
140079
140086
140087
140091
140094
140096
140108
140110
140128
140130
140148
140163
140168
140176
140181
140187
140195
140215
140232
140233
140241
140247
140259
140273
140287
140331
140351
140357
140359
140362
140411
140420
140432
140448
140475
140496
140507
140520
140522
140525
140558
140576
140594
140601
140640
140645
140655
140666
140714
140720
140725
140734
140750
140755
140776
140795
140799
140826
140833
140859
140861
140868
140897
140902
140912
140928
140933
140955
140978
140995
141002
141044
141047
141061
141066
141078
141091
141112
141130
141178
141191
141197
141203
141216
141224
141245
141255
141256
141265
141305
141308
141309
141323
141341
141346
141437
141457
141487
141496
141498
141508
141520
141548
141610
141644
141653
141657
141710
141714
141718
141731
141734
141736
141752
141761
141765
141770
141777
141789
141798
141804
141815
141835
141841
141863
141914
141918
141920
141923
141930
141987
142020
142033
142054
142057
142079
142093
142101
142187
142202
142204
142213
142227
142229
142246
142272
142280
142284
142293
142304
142306
142319
142342
142348
142351
142363
142365
142373
142387
142396
142398
142434
142456
142470
142473
142517
142528
142546
142580
142585
142586
142590
142593
142617
142623
142627
142649
142659
142675
142683
142687
142709
142730
142734
142744
142749
142759
142767
142772
142826
142855
142867
142900
142904
142936
142953
142967
142988
142989
143013
143123
143144
143161
143165
143179
143184
143187
143205
143216
143228
143246
143260
143268
143274
143282
143304
143314
143320
143349
143405
143410
143417
143434
143440
143453
143455
143482
143486
143491
143507
143512
143523
143542
143566
143572
143576
143607
143616
143626
143649
143700
143704
143709
143721
143724
143745
143763
143772
143773
143775
143784
143794
143815
143822
143829
143839
143849
143854
143859
143889
143898
143906
143917
143932
143946
143949
143961
144007
144022
144037
144038
144103
144114
144116
144132
144150
144151
144162
144195
144205
144233
144237
144251
144264
144268
144292
144307
144318
144333
144365
144370
144380
144390
144406
144410
144421
144426
144462
144471
144481
144510
144521
144538
144549
144555
144558
144568
144575
144580
144606
144707
144710
144721
144727
144753
144765
144768
144772
144785
144801
144805
144812
144826
144839
144851
144913
144920
144946
144952
144958
144967
144986
145016
145022
145037
145041
145049
145069
145072
145081
145102
145109
145115
145124
145145
145157
145180
145230
145257
145298
145325
145342
145363
145365
145390
145395
145439
145469
145488
145503
145527
145529
145531
145538
145544
145548
145560
145571
145585
145592
145596
145611
145653
145658
145670
145692
145695
145700
145708
145723
145731
145747
145784
145793
145802
145809
145835
145846
145852
145860
145879
145887
145895
145904
145913
145918
145928
145931
145949
145968
145976
145981
145983
145989
145998
146012
146029
146053
146055
146081
146111
146141
146143
146147
146155
146160
146165
146173
146179
146186
146193
146208
146221
146251
146259
146270
146284
146323
146348
146354
146358
146362
146366
146376
146393
146415
146421
146424
146469
146470
146475
146493
146521
146523
146527
146538
146542
146553
146555
146559
146561
146578
146603
146608
146614
146643
146648
146651
146685
146694
146707
146740
146744
146747
146755
146760
146768
146789
146794
146823
146860
146914
146941
146951
146977
146991
146995
147001
147008
147029
147035
147082
147095
147147
147182
147199
147201
147203
147207
147221
147230
147238
147248
147253
147259
147273
147294
147300
147312
147317
147333
147336
147383
147394
147404
147418
147441
147444
147462
147470
147477
147488
147492
147529
147532
147535
147548
147554
147569
147580
147593
147598
147604
147622
147681
147692
147694
147696
147717
147731
147767
147772
147775
147794
147811
147814
147819
147834
147843
147854
147868
147874
147881
147887
147901
147910
147913
147916
147921
147926
147929
147941
147949
147956
147971
147978
148002
148007
148009
148018
148035
148048
148078
148085
148098
148100
148113
148131
148154
148157
148169
148189
148196
148202
148209
148212
148222
148236
148239
148250
148253
148255
148271
148281
148283
148293
148307
148325
148357
148371
148383
148387
148399
148409
148419
148421
148430
148439
148465
148468
148515
148543
148560
148582
148584
148589
148593
148605
148649
148676
148679
148685
148700
148701
148733
148746
148762
148772
148777
148832
148851
148861
148873
148875
148900
148909
148919
148934
148949
148956
148967
148970
148973
148980
148985
148990
149001
149007
149025
149044
149058
149075
149120
149135
149157
149165
149177
149196
149210
149222
149230
149293
149317
149346
149347
149361
149365
149381
149385
149388
149394
149404
149406
149414
149432
149435
149453
149455
149468
149490
149499
149513
149517
149526
149567
149583
149627
149629
149638
149642
149676
149678
149685
149694
149697
149717
149732
149763
149772
149781
149794
149804
149807
149809
149815
149846
149865
149879
149905
149958
149961
149962
149967
149995
149997
150001
150007
150025
150027
150083
150095
150107
150120
150137
150144
150167
150178
150203
150205
150206
150211
150247
150252
150258
150273
150280
150314
150340
150349
150350
150354
150379
150382
150390
150415
150444
150467
150472
150494
150511
150513
150562
150595
150598
150601
150620
150667
150672
150687
150688
150697
150713
150719
150751
150758
150802
150835
150836
150843
150872
150880
150883
150886
150887
150900
150913
150934
150941
150945
150950
150967
150976
150980
150993
151012
151015
151018
151039
151049
151061
151089
151091
151117
151143
151148
151162
151182
151185
151190
151223
151246
151249
151254
151259
151268
151285
151305
151319
151339
151365
151372
151375
151383
151388
151394
151403
151431
151439
151446
151452
151454
151482
151493
151497
151525
151534
151540
151545
151562
151604
151632
151636
151637
151645
151648
151679
151693
151769
151779
151790
151807
151818
151832
151877
151883
151939
151944
151967
151978
151991
152012
152035
152048
152068
152076
152081
152094
152148
152171
152175
152178
152217
152228
152262
152357
152360
152363
152383
152403
152440
152443
152455
152478
152482
152502
152505
152506
152524
152540
152543
152560
152576
152582
152608
152619
152641
152660
152669
152686
152690
152693
152710
152745
152751
152768
152771
152797
152841
152846
152865
152892
152923
152987
152994
153012
153065
153112
153120
153124
153126
153143
153164
153173
153179
153200
153205
153211
153262
153265
153268
153273
153276
153306
153311
153351
153358
153370
153401
153442
153490
153533
153564
153622
153626
153638
153655
153667
153672
153691
153716
153736
153745
153754
153769
153806
153824
153828
153886
153902
153939
153944
153973
153979
153989
154002
154003
154018
154074
154075
154077
154108
154113
154142
154168
154186
154190
154192
154198
154236
154257
154280
154299
154304
154313
154455
154460
154491
154549
154564
154607
154614
154627
154632
154656
154661
154674
154676
154699
154732
154748
154754
154794
154802
154877
154889
154913
154918
154925
154962
154993
155020
155023
155035
155040
155075
155077
155131
155138
155151
155183
155188
155192
155206
155224
155226
155248
155274
155280
155283
155298
155303
155323
155355
155390
155520
155607
155638
155686
155688
155743
155746
155749
155776
155837
155970
155985
156003
156014
156092
156101
156124
156127
156143
156151
156196
156207
156263
156276
156287
156343
156352
156357
156394
156422
156465
156507
156532
156537
156540
156560
156571
156575
156633
156639
156655
156687
156697
156731
156819
156844
156856
156865
156873
156879
156882
156888
156903
156904
156936
156938
156941
156942
156967
156973
156985
156990
157001
157045
157048
157063
157073
157085
157087
157092
157107
157169
157190
157199
157218
157223
157249
157256
157259
157266
157270
157272
157297
157313
157365
157368
157386
157394
157406
157427
157435
157441
157490
157509
157520
157595
157626
157633
157641
157650
157678
157686
157690
157740
157799
157814
157851
157865
157929
157949
157963
157991
157992
158024
158063
158114
158121
158147
158184
158187
158192
158207
158209
158213
158217
158238
158248
158261
158295
158306
158317
158338
158362
158376
158392
158409
158424
158436
158478
158480
158491
158502
158512
158517
158537
158541
158548
158551
158585
158597
158667
158693
158707
158741
158782
158792
158819
158825
158831
158868
158896
158909
158915
158928
158951
158990
159022
159034
159038
159049
159055
159082
159095
159118
159124
159126
159149
159154
159240
159250
159255
159334
159339
159353
159387
159388
159393
159404
159405
159411
159449
159455
159462
159471
159481
159484
159501
159504
159514
159521
159543
159546
159554
159584
159607
159615
159619
159624
159659
159664
159667
159685
159699
159717
159786
159795
159810
159835
159871
159877
159884
159937
159968
159971
159989
160004
160024
160067
160074
160085
160089
160112
160137
160142
160154
160163
160175
160203
160238
160239
160313
160326
160334
160376
160397
160412
160427
160431
160440
160447
160521
160529
160555
160569
160582
160598
160602
160607
160638
160647
160679
160689
160707
160736
160746
161266
161276
161277
161299
161302
161315
161362
161387
161399
161403
161425
161448
161630
161631
161643
161658
161664
161669
161682
161714
161776
161785
161802
161807
161865
161868
161881
161906
161927
161932
161952
161994
162015
162019
162033
162064
162085
162675
162695
162718
162752
162763
162835
162838
162883
162888
162892
162900
162931
162934
162948
162952
162967
162974
162997
163033
163049
163050
163092
163115
163127
163135
163143
163172
163195
163206
163213
163234
163251
163260
163306
163309
163314
163326
163342
163358
163379
163403
163425
163460
163474
163491
163506
163513
163521
163540
163556
163579
163583
163592
163640
163641
163649
163681
163699
163726
163729
163779
163833
163858
163863
163867
163925
163943
163947
163949
163960
163968
163971
163983
163997
164009
164020
164046
164095
164097
164105
164115
164134
164138
164169
164196
164207
164215
164245
164253
164254
164277
164287
164292
164357
164388
164413
164418
164432
164444
164463
164468
164491
164514
164546
164554
164555
164609
164621
164646
164672
164709
164714
164723
164740
164794
164818
164825
164838
164856
164866
164892
164918
164930
164937
164946
164956
164960
164977
164980
164982
165005
165027
165029
165033
165070
165083
165090
165096
165107
165128
165133
165141
165159
165170
165193
165218
165223
165228
165237
165261
165299
165312
165338
165382
165390
165398
165402
165412
165442
165465
165497
165500
165506
165526
165590
165594
165599
165604
165611
165612
165644
165652
165654
165665
165667
165672
165680
165686
165691
165699
165702
165705
165714
165734
165738
165741
165749
165753
165756
165765
165769
165776
165800
165803
165817
165825
165854
165879
165902
165918
165944
165946
165947
165956
165975
165985
165999
166022
166041
166046
166050
166087
166090
166092
166112
166115
166177
166187
166240
166262
166278
166289
166292
166342
166350
166353
166358
166391
166440
166451
166533
166551
166557
166560
166578
166582
166594
166600
166618
166645
166649
166657
166661
166692
166709
166710
166722
166740
166776
166790
166803
166813
166814
166840
166922
166931
166941
166944
166979
166984
166991
167021
167058
167093
167094
167114
167127
167128
167162
167246
167256
167328
167408
167437
167453
167466
167485
167490
167544
167606
167616
167632
167635
167661
167664
167692
167717
167721
167738
167760
167780
167785
167814
167840
167865
167879
167889
167911
167917
167919
167921
167948
167962
168002
168011
168022
168026
168034
168037
168071
168080
168111
168150
168154
168201
168209
168229
168241
168254
168277
168291
168294
168296
168305
168334
168341
168346
168360
168397
168416
168451
168454
168487
168498
168500
168526_1_HD_ikonki_Database-General-Mail
168526_2_HD_ikonki_3D_Graphics
168526_3_HD_ikonki_Communication
168526_4_HD_ikonki_Construction
168526_5_HD_ikonki_Jobs_WebDesign
168526_6_HD_ikonki_Medical_Security
168526_7_HD_ikonki_Text
168534
168581
168631
168700
168711
168716
168718
168728
168738
168784
168794
168823
168844
168856
168897
168906
168914
168924
168944
168989
169093
169098
169108
169131
169150
169287
169291
169298
169339
169378
169412
169449
169454
169469
169473
169499
169517
169570
169573
169612
169628
169658
169716
169727
169785
169798
169804
169821
169826
169842
169854
169908
169913
169917
169922
169953
169959
169962
169973
169991
170004
170024
170098
170130
170135
170140
170208
170217
170218
170227
170261
170280
170290
170300
170303
170336
170365
170368
170411
170433
170438
170440
170447
170453
170466
170474
170484
170490
170520
170524
170528
170551
170604
170609
170640
170643
170663
170670
170675
170721
170724
170727
170730
170737
170742
170750
170777
170798
170800
170802
170815
170831
170841
170851
170854
170864
170876
170878
170884
170892
170901
170906
170920
170930
170936
170940
170949
170958
171002
171006
171019
171041
171050
171090
171097
171159
171163
171172
171195
171233
171237
171298
171308
171326
171354
171362
171381
171387
171392
171401
171413
171420
171453
171456
171476
171486
171514
171557
171569
171590
171595
171608
171641
171648
171655
171669
171679
171709
171763
171795
171824
171860
171868
171871
171888
171894
171906
171981
171986
172024
172031
172049
172052
172086
172106
172111
172114
172119
172120
172161
172174
172181
172189
172192
172225
172239
172256
172259
172286
172300
172316
172324
172342
172352
172365
172369
172371
172375
172380
172383
172387
172403
172484
172491
172509
172511
172546
172564
172585
172629
172651
172665
172706
172735
172764
172777
172780
172791
172801
172810
172812
172819
172826
172836
172839
172851
172854
172868
172873
172875
172894
172898
172901
172904
172914
172929
172938
172945
172949
172953
172967
173007
173025
173045
173061
173077
173085
173098
173103
173106
173128
173135
173155
173181
173191
173237
173243
173256
173260
173265
173274
173280
173304
173309
173317
173328
173331
173335
173341
173348
173357
173373
173383
173394
173398
173447
173473
173478
173485
173521
173523
173571
173583
173623
173642
173662
173679
173694
173707
173729
173736
173748
173755
173803
173826
173884
173915
173919
174027
174045
174070
174105
174119
174123
174134
174141
174163
174176
174187
174229
174234
174245
174292
174307
174321
174335
174352
174370
174375
174398
174411
174416
174432
174457
174500
174535
174553
174597
174651
174657
174659
174663
174678
174720
174764
174779
174794
174801
174823
174872
174892
174932
174939
174968
174977
175026
175028
175124
175134
175183
175190
175202
175205
175229
175249
175267
175275
175282
175296
175312
175317
175330
175333
175336
175344
175368
175391
175398
175419
175427
175514
175535
175547
175551
175561
175587
175603
175665
175681
175684
175713
175719
175724
175728
175730
175735
175754
175762
175788
175797
175804
175820
175823
175887
175891
175900
175908
175930
175935
175944
175967
176016
176054
176064
176075
176084
176092
176121
176125
176141
176151
176158
176182
176190
176200
176226
176233
176247
176323
176354
176404
176476
176534
176541
176561
176567
176602
176605
176615
176644
176673
176703
176715
176720
176730
176775
176787
176836
176850
176854
176861
176865
176869
176871
176881
176914
176957
177020
177097
177142
177215
177219
177227
177255
177295
177326
177411
177482
177511
177519
177534
177538
177544
177579
177631
177660
177690
177718
177740
177766
177810
177827
177831
177834
177838
177897
177915
178010
178020
178039
178041
178050
178064
178079
178139
178152
178162
178176
178202
178210
178238
178261
178266
178277
178313
178318
178364
178375
178378
178389
178422
178429
178460
178496
178515
178548
178582
178605
178635
178641
178709
178717
178727
178761
178766
178828
178833
178843
178864
178904
178911
178929
178945
178950
178957
178985
178989
179007
179015
179066
179071
179076
179080
179109
179145
179182
179195
179196
179224
179228
179230
179243
179253
179259
179314
179317
179321
179364
179374
179376
179382
179385
179414
179419
179442
179483
179493
179496
179509
179519
179530
179544
179559
179574
179593
179607
179612
179618
179630
179641
179649
179652
179688
179698
179711
179720
179730
179738
179744
179747
179757
179771
179777
179779
179833
179850
179930
179937
179939
179948
179952
179964
179970
179992
180018
180032
180036
180039
180046
180060
180073
180088
180159
180192
180213
180246
180256
180275
180290
180304
180312
180322
180327
180331
180340
180384
180398
180403
180406
180411
180420
180430
180459
180472
180538
180549
180626
180651
180684
180689
180702
180828
180855
180901
180913
180932
180944
180992
181047
181058
181096
181099
181247
181264
181290
181306
181376
181380
181404
181455
181470
181475
181482
181536
181566
181590
181597
181610
181613
181618
181620
181628
181638
181649
181682
181715
181722
181733
181746
181839
181848
181857
181859
181860
181891
181958
181980
181983
181990
182004
182012
182020
182038
182147
182154
182216
182257
182263
182299
182304
182325
182333
182384
182402
182416
182421
182504
182569
182606
182641
182669
182699
182714
182717
182731
182751
182754
182758
182820
182873
182891
182894
182935
182947
183076
183084
183086
183110
183122
183130
183149
183174
183180
183184
183194
183239
183245
183297
183355
183371
183377
183405
183436
183443
183484
183514
183526
183532
183561
183567
183571
183590
183613
183635
183657
183670
183728
183741
183749
183752
183757
183760
183774
183788
183807
183851
183886
183893
183896
183905
183911
183924
183965
183991
183998
184007
184017
184041
184088
184097
184102
184111
184119
184161
184269
184301
184362
184369
184371
184391
184404
184408
184416
184429
184470
184503
184536
184539
184548
184616
184645
184651
184658
184660
184710
184711
184714
184719
184755
184802
184861
184870
184885
184906
184931
184976
184992
184997
185013
185020
185022
185047
185064
185093
185100
185139
185178
185210
185214
185217
185221
185224
185257
185344
185355
185448
185492
185506
185523
185563
185574
185587
185588
185619
185620
185691
185742
185759
185829
185856
185863
185880
185934
185939
185946
185957
185964
185971
185994
185996
185998
186051
186066
186086
186125
186127
186150
186168
186169
186183
186185
186206
186208
186215
186250
186308
186447
186455
186528
186553
186667
186732
186735
186788
186806
186861
186888
186917
187033
187052
187772
187788
187789
187813
187826
187852
187860
187864
187868
187886
187896
187907
187911
187965
187976
187987
187997
188000
188003
188086
188137
188152
188168
188345
188354
188358
188361
188367
188370
188373
188444
188465
188475
188499
188515
188549
188602
188620
188639
188654
188658
188671
188738
188754
188805
188814
188866
189034
189063
189080
189137
189145
189215
189237
189246
189252
189264
189271
189328
189330
189338
189473
189474
189579
189582
189612
189620
189630
189698
189714
189759
189815
189823
189841
190010
190087
190114
190126
190168
190192
190199
190213
190293
190321
190384
190428
190438
190450
190459
190475
190489
190493
190552
190566
190605
190611
190662
190667
190823
190875
190915
190948
190955
190961
191007
191019
191128
191141
191149
191166
191183
191191
191252
191265
191266
191323
191351
191376
191379
191417
191443
191531
191549
191612
191620
191627
191636
191686
191690
191705
191720
191771
191774
191822
191830
191852
191912
192014
192031
192040
192055
192074
192076
192092
192136
192164
192243
192275
192310
192419
192484
192504
192558
192587
192601
192634
192651
192676
192691
192726
192757
192771
192774
192856
192885
192901
192931
192955
193012
193116
193136
193154
193158
193165
193222
193232
193259
193306
193318
193332
193343
193373
193382
193384
193387
193449
193450
193463
193470
193541
193577
193600
193647
193728
193733
193739
193795
193851
193899
193911
193966
194013
194031
194040
194047
194097
194160
194298
194307
194429
194445
194475
194523
194527
194576
194652
194718
194747
194778
194815
194873
194942
194972
195016
195043
195276
195407
195564
195701
196062
196334
196348
196421
196424
196566
196833
196899
197012
197530
197777
197895
198581
198791
198798
198864
198891
198984
199320
199679
199807
199836
199983
200004
200151
200211
200296
200386
200592
200884
200915
201081
201119
201188
201388
201440
201526
201607
201654
201703
201803
202106
202159
202176
202451
202956
203095
203225
203251
203410
203481
203534
203843
204332
204468
205418
205523
205690
206555
225601
235475
235483
235717
236008
236036
236196
236252
236344
236496
236583
236644
236776
236904
236939
237064
237083
237192
237363
237541
237659
237814
237951
238090
238239
238620
238722
238851
239307
239430
239468
240079
240671
240688
240773
240833
240911
241486
242374
242395
242593
242674
247777
248075
248173
248308
248559
249444
249539
249577
249621
249785
250070
250874
250917
251093
251285
251332
251402
251507
251886
252085
252187
252405
252472
252567
252645
252791
252854
252900
253617
253815
254126
254172
254940
254994
255043
255093
255552
255556
255615
255881
255973
256078
256106
257346
258319
258370
258458
258932
258960
259013
259323
259422
259758
261191
261418
261446
261781
261818
261859
261869
261982
262300
262681
262812
262882
263090
263242
263338
264163
264275
264675
264779
264989
265832
266022
266483
266731
266899
267055
267199
267372
267445
267570
267625
269421
269425
269871
269875
269984
270002
270776
272681
272908
272992
273123
273386
273554
273761
273764
273805
274037
274093
274167
274278
274345
274485
275191
275315
275333
275434
275762
275781
276505
276524
276629
276639
276806
277199
277749
277755
277931
278051
278090
279870
279894
280039
280215
280263
281200
281276
281360
281364
281400
281441
282043
283566
283807
284232
284294
284488
284511
284674
285781
285834
286333
286352
286520
287068
287392
287458
287635
287661
287747
287990
288106
288329
288530
289225
289312
289705
289824
289855
290094
290268
290483
290780
290801
290899
291259
291790
291826
292046
292247
292505
292559
292626
292901
292916
292997
293163
293221
293401
293623
293729
293845
294345
295356
295642
295675
295718
295967
296265
296291
296433
296841
297045
297374
297431
298355
299318
299512
299580
299662
299711
299919
300217
300400
301315
301851
302450
302629
302702
302786
302998
303143
303456
303564
303653
304369
304417
304596
304764
304782
305423
305809
305818
305877
305892
306266
306931
306943
306952
307016
307066
307269
307645
307923
308119
308198
308504
308563
309094
309216
309241
309250
309635
310027
310154
310350
311431
311498
312139
312153
312426
312453
312528
312600
312788
312936
312953
312979
313031
313147
313311
313531
313822
314015
314039
314045
314071
314755
314812
315225
315769
315772
316623
317245
317286
317341
317595
317654
317765
317977
318421
318463
318848
319157
319421
319473
319582
319609
319611
319624
319649
319846
320782
320815
321074
321360
321530
321633
321709
321728
321993
322151
322159
322278
322341
322377
322620
322621
322710
323252
323420
323599
323849
324402
324490
324661
324950
325492
325534
325535
325611
325735
325829
325984
326139
327342
328453
328469
329061
329121
329342
329463
329598
329928
330103
330270
330464
330594
330739
330794
330799
331101
331300
331383
331421
331502
331583
331588
331923
332025
332477
332714
332737
333001
333336
333343
333366
333416
333903
333935
334536
334603
334846
334905
335504
335859
335939
336109
336131
336150
336213
336256
336465
336483
336506
336585
336891
336916
336982
337031
337135
337170
337182
337286
337323
337345
337835
339076
339192
339216
339305
339449
340672
341492
341499
341757
341906
342025
342421
342441
343710
343876
343901
344308
344631
345522
346047
346354
346707
347300
347372
347442
347607
347776
348334
348662
348807
349053
349389
350066
350096
350306
350589
351134
351711
351951
352334
352676
353050
353157
353315
353473
353576
353673
354017
355453
355480
355957
356241
356311
356694
357210
357225
359173
359549
359597
359844
361353
361445
361468
361479
362231
362298
362495
362971
363185
363302
363398
363526
363950
364672
365080
365491
365581
365699
365797
366349
366648
367494
367749
368618
368824
368857
369159
369428
369451
369564
370152
370599
371189
371381
371628
371725
371941
372472
372576
372795
372952
373201
374212
374238
374689
374716
375000
375742
376132
376254
376372
376551
376661
377429
377955
378238
378486
379284
379518
380787
381686
383093
383155
383528
383646
384056
384253
385314
386138
386508
386778
386938
387834
388003
388206
388473
388917
388951
389232
389375
389608
389679
389842
390004
390087
390180
390291
390745
390847
390868
390917
390941
391082
391256
391341
391678
392008
392425
392901
392976
393678
393748
393798
393870
394051
394319
394754
394805
395415
395681
395846
396045
396154
396540
396725
397357
397427
397545
398111
398275
398528
398595
398874
399457
399854
400120
400553
400833
400916
401469
401475
401821
401846
402052
402257
402360
402534
402759
403612
403631
404024
404474
404557
404587
405305
405368
405528
405729
405866
406961
407141
408020
408466
409028
409152
409326
410819
411208
411299
411774
411933
412453
412566
412946
413035
413303
414006
414387
415002
415295
415406
416322
416348
416645
416684
417360
417402
417866
418281
418437
418562
418586
418810
418844
418964
419685
419910
420294
420524
420571
420671
421541
421578
421696
422390
423955
423962
424260
425238
425264
425360
425529
425674
426676
426763
426880
426908
426937
426954
427011
427020
427722
427756
428242
428250
428669
429089
431416
431523
433900
433980
434064
434137
434286
434573
434651
435080
435145
435295
435740
435818
435905
436044
436210
436422
436449
436507
436619
436853
437183
437541
438584
439365
439383
439778
439795
439906
439926
440105
440502
441250
441341
441527
441791
441892
441960
442033
442136
442247
442338
442720
443189
443546
443599
444528
444901
445192
445532
445962
445970
446230
446296
446639
446800
447080
447083
447286
447580
447602
447628
447637
449196
449736
449903
450404
450667
450796
452169
453245
453406
453669
453893
454225
454443
455210
455553
455660
456346
456403
456806
457023
457985
458286
458549
458778
459062
459302
459332
459557
459692
459847
460045
460337
460512
460555
460652
460660
461123
461226
461389
461846
461870
462049
462086
462625
462714
462717
462758
462835
463169
463635
463726
464217
464579
464948
465189
465314
465597
465802
465871
465971
466008
466293
477582
484709
501420
501515
501851
502069
502137
502543
502563
502851
502981
503130
503420
503614
503847
504281
504792
504860
504999
505245
505505
505533
505636
505727
505800
505851
505977
506832
506854
506875
506884
506913
507022
507490
507753
507871
508105
508454
508532
508611
508807
509042
509084
509165
509200
509273
509478
509604
509628
509647
509677
509856
509938
510293
510540
510772
510855
510898
510970
511119
511183
511215
511299
511701
511930
512011
512204
512539
512578
512598
512608
512991
513143
513579
513676
514179
514243
514387
514417
514423
514437
514458
514550
514627
515097
515490
515504
515545
515572
515574
516065
516245
516406
516571
516697
516941
516958
516966
516982
517098
517169
517314
517414
517492
517495
517544
517549
517565
517630
517731
517793
517801
517821
517887
518385
518516
518576
518592
518753
518815
518981
519196
519557
519662
519943
519987
520025
520170
520184
520203
520271
520387
520415
520422
520435
520590
520690
520770
520780
520884
520922
521042
521159
521358
521867
522009
522017
522032
522046
522461
522576
522932
523020
523291
523317
523372
523500
523788
523880
523890
523997
524098
524205
524303
524596
524923
524947
526386
526396
527208
527236
528088
528153
528260
528287
528352
528608
528673
528905
529853
529912
530507
530822
532761
535128
537183
537326
537462
538448
539070
539584
541827
541854
543999
544112
549831
550050
550188
550744
550771
551024
551173
551431
551552
551732
551996
552480
558642
570125
572325
578179
579674
584760